Input source 1: random number

alpha	     linear    double
-----------------------------
0.5          1.486     1.383
0.6	     	 1.751     1.528
0.7	     	 2.175     1.734 
0.8	      	 2.989     2.016
0.9	    	 5.324     2.550
0.95	    10.092     3.130
0.98	    21.161     4.052
0.99	    49.385     4.592


Input source 2: current time

alpha        linear    double
-----------------------------
0.5          1.0       1.0
0.6          1.0       1.0
0.7          1.0       1.0
0.8          1.0       1.0
0.9          1.0       1.0
0.95         1.0       1.0
0.98         1.0       1.0
0.99         1.0       1.0 


Input source 3: word-list

alpha        linear    double
-----------------------------
0.5          1.5969     1.3904
0.6	     	 2.149      1.534
0.7	     	 3.604      1.721
0.8	     	 6.708      2.016
0.9	       19.8148     	2.569 
0.95	   110.594      3.186 
0.98	   324.206      4.0198
0.99	   471.671      4.696
